(kicad_pcb (version 20171130) (host pcbnew "(5.1.0)-1")

  (general
    (thickness 1.6)
    (drawings 328)
    (tracks 233)
    (zones 0)
    (modules 38)
    (nets 31)
  )

  (page A4)
  (title_block
    (title "Solar Charger")
    (date 2019-05-17)
    (rev 1.0)
    (company "Walla Walla University")
  )

  (layers
    (0 F.Cu signal)
    (31 B.Cu signal)
    (32 B.Adhes user)
    (33 F.Adhes user)
    (34 B.Paste user)
    (35 F.Paste user)
    (36 B.SilkS user)
    (37 F.SilkS user)
    (38 B.Mask user)
    (39 F.Mask user)
    (40 Dwgs.User user)
    (41 Cmts.User user)
    (42 Eco1.User user)
    (43 Eco2.User user)
    (44 Edge.Cuts user)
    (45 Margin user)
    (46 B.CrtYd user)
    (47 F.CrtYd user)
    (48 B.Fab user)
    (49 F.Fab user hide)
  )

  (setup
    (last_trace_width 0.3)
    (trace_clearance 0.2)
    (zone_clearance 0.2032)
    (zone_45_only no)
    (trace_min 0.2)
    (via_size 0.4)
    (via_drill 0.3)
    (via_min_size 0.4)
    (via_min_drill 0.3)
    (uvia_size 0.3)
    (uvia_drill 0.1)
    (uvias_allowed no)
    (uvia_min_size 0.2)
    (uvia_min_drill 0.1)
    (edge_width 0.05)
    (segment_width 0.2)
    (pcb_text_width 0.3)
    (pcb_text_size 1.5 1.5)
    (mod_edge_width 0.12)
    (mod_text_size 1 1)
    (mod_text_width 0.15)
    (pad_size 1.524 1.524)
    (pad_drill 0.762)
    (pad_to_mask_clearance 0.051)
    (solder_mask_min_width 0.25)
    (pad_to_paste_clearance -0.12)
    (aux_axis_origin 0 0)
    (visible_elements 7FFFFFFF)
    (pcbplotparams
      (layerselection 0x010f8_ffffffff)
      (usegerberextensions true)
      (usegerberattributes false)
      (usegerberadvancedattributes false)
      (creategerberjobfile false)
      (excludeedgelayer true)
      (linewidth 0.100000)
      (plotframeref false)
      (viasonmask false)
      (mode 1)
      (useauxorigin false)
      (hpglpennumber 1)
      (hpglpenspeed 20)
      (hpglpendiameter 15.000000)
      (psnegative false)
      (psa4output false)
      (plotreference true)
      (plotvalue true)
      (plotinvisibletext false)
      (padsonsilk false)
      (subtractmaskfromsilk false)
      (outputformat 1)
      (mirror false)
      (drillshape 0)
      (scaleselection 1)
      (outputdirectory "Gerber Files/"))
  )

  (net 0 "")
  (net 1 Bat-)
  (net 2 "Net-(BT1-Pad1)")
  (net 3 GND)
  (net 4 "Net-(C1-Pad1)")
  (net 5 "Net-(C2-Pad1)")
  (net 6 "Net-(C3-Pad1)")
  (net 7 "Net-(C3-Pad2)")
  (net 8 "Net-(C4-Pad1)")
  (net 9 "Net-(C5-Pad2)")
  (net 10 "Net-(C8-Pad1)")
  (net 11 "Net-(D1-Pad2)")
  (net 12 "Net-(J3-Pad2)")
  (net 13 "Net-(J3-Pad3)")
  (net 14 "Net-(J3-Pad5)")
  (net 15 "Net-(L1-Pad2)")
  (net 16 "Net-(L2-Pad2)")
  (net 17 "Net-(R1-Pad1)")
  (net 18 "Net-(R5-Pad1)")
  (net 19 "Net-(R9-Pad2)")
  (net 20 "Net-(R11-Pad2)")
  (net 21 "Net-(SW1-Pad3)")
  (net 22 "Net-(U1-Pad4)")
  (net 23 "Net-(U1-Pad5)")
  (net 24 "Net-(U1-Pad8)")
  (net 25 "Net-(U2-Pad1)")
  (net 26 "Net-(U2-Pad3)")
  (net 27 "Net-(U2-Pad4)")
  (net 28 "Net-(U3-Pad5)")
  (net 29 "Net-(U3-Pad2)")
  (net 30 "Net-(R3-Pad1)")

  (net_class Default "This is the default net class."
    (clearance 0.2)
    (trace_width 0.3)
    (via_dia 0.4)
    (via_drill 0.3)
    (uvia_dia 0.3)
    (uvia_drill 0.1)
    (add_net "Net-(J3-Pad2)")
    (add_net "Net-(J3-Pad3)")
    (add_net "Net-(R1-Pad1)")
    (add_net "Net-(R11-Pad2)")
    (add_net "Net-(R3-Pad1)")
    (add_net "Net-(R5-Pad1)")
    (add_net "Net-(R9-Pad2)")
    (add_net "Net-(U1-Pad4)")
    (add_net "Net-(U1-Pad5)")
    (add_net "Net-(U1-Pad8)")
    (add_net "Net-(U2-Pad1)")
    (add_net "Net-(U2-Pad3)")
    (add_net "Net-(U2-Pad4)")
    (add_net "Net-(U3-Pad2)")
    (add_net "Net-(U3-Pad5)")
  )

  (net_class GND ""
    (clearance 0.2)
    (trace_width 0.7)
    (via_dia 0.9)
    (via_drill 0.6)
    (uvia_dia 0.3)
    (uvia_drill 0.1)
    (add_net GND)
  )

  (net_class Power ""
    (clearance 0.25)
    (trace_width 0.8)
    (via_dia 1)
    (via_drill 0.8)
    (uvia_dia 0.3)
    (uvia_drill 0.1)
    (add_net Bat-)
    (add_net "Net-(BT1-Pad1)")
    (add_net "Net-(C1-Pad1)")
    (add_net "Net-(C2-Pad1)")
    (add_net "Net-(C3-Pad1)")
    (add_net "Net-(C3-Pad2)")
    (add_net "Net-(C4-Pad1)")
    (add_net "Net-(C5-Pad2)")
    (add_net "Net-(C8-Pad1)")
    (add_net "Net-(D1-Pad2)")
    (add_net "Net-(J3-Pad5)")
    (add_net "Net-(L1-Pad2)")
    (add_net "Net-(L2-Pad2)")
    (add_net "Net-(SW1-Pad3)")
  )

  (module Inductor_SMD:L_Bourns-SRN6028 (layer F.Cu) (tedit 5A01E340) (tstamp 5CDE62A6)
    (at 133.65 102.5 180)
    (descr "Bourns SRN6028 series SMD inductor")
    (tags "Bourns SRN6028 SMD inductor")
    (path /5CD5CC53)
    (attr smd)
    (fp_text reference L2 (at 0 4 180) (layer F.SilkS)
      (effects (font (size 1 1) (thickness 0.15)))
    )
    (fp_text value 1.5u (at 0 -4 180) (layer F.Fab)
      (effects (font (size 1 1) (thickness 0.15)))
    )
    (fp_line (start -3.3 -3.1) (end -3.3 3.1) (layer F.CrtYd) (width 0.05))
    (fp_line (start 3.3 3.1) (end -3.3 3.1) (layer F.CrtYd) (width 0.05))
    (fp_line (start 3.3 -3.1) (end 3.3 3.1) (layer F.CrtYd) (width 0.05))
    (fp_line (start -3.3 -3.1) (end 3.3 -3.1) (layer F.CrtYd) (width 0.05))
    (fp_line (start -3.4 3.2) (end -2 3.2) (layer F.SilkS) (width 0.12))
    (fp_line (start 3.4 3.2) (end 2 3.2) (layer F.SilkS) (width 0.12))
    (fp_line (start -3.4 3.2) (end -3.4 2) (layer F.SilkS) (width 0.12))
    (fp_line (start 3.4 3.2) (end 3.4 2) (layer F.SilkS) (width 0.12))
    (fp_line (start 3.4 -3.2) (end 3.4 -2) (layer F.SilkS) (width 0.12))
    (fp_line (start 3.4 -3.2) (end 2 -3.2) (layer F.SilkS) (width 0.12))
    (fp_line (start 3.3 -3.1) (end 3.3 3.1) (layer F.Fab) (width 0.1))
    (fp_line (start -3.3 -3.1) (end -3.3 3.1) (layer F.Fab) (width 0.1))
    (fp_line (start -3.4 -3.2) (end -2 -3.2) (layer F.SilkS) (width 0.12))
    (fp_line (start -3.4 -3.2) (end -3.4 -2) (layer F.SilkS) (width 0.12))
    (fp_line (start -3.3 -3.1) (end 3.3 -3.1) (layer F.Fab) (width 0.1))
    (fp_line (start 3.3 3.1) (end -3.3 3.1) (layer F.Fab) (width 0.1))
    (fp_text user %R (at 0 0 180) (layer F.Fab)
      (effects (font (size 1 1) (thickness 0.15)))
    )
    (pad 2 smd rect (at 2.35 0 180) (size 1.6 5.7) (layers F.Cu F.Paste F.Mask)
      (net 16 "Net-(L2-Pad2)"))
    (pad 1 smd rect (at -2.35 0 180) (size 1.6 5.7) (layers F.Cu F.Paste F.Mask)
      (net 4 "Net-(C1-Pad1)"))
    (model ${KISYS3DMOD}/Inductor_SMD.3dshapes/L_Bourns-SRN6028.wrl
      (at (xyz 0 0 0))
      (scale (xyz 1 1 1))
      (rotate (xyz 0 0 0))
    )
  )

  (module Battery:BatteryHolder_MPD_BH-18650-PC2 (layer F.Cu) (tedit 5C1007C1) (tstamp 5CDE614B)
    (at 114.413501 80.188501)
    (descr "18650 Battery Holder (http://www.memoryprotectiondevices.com/datasheets/BK-18650-PC2-datasheet.pdf)")
    (tags "18650 Battery Holder")
    (path /5CDB8076)
    (fp_text reference BT1 (at 36 1) (layer F.SilkS)
      (effects (font (size 1 1) (thickness 0.15)))
    )
    (fp_text value Battery_Cell (at 36 -0.8) (layer F.Fab)
      (effects (font (size 1 1) (thickness 0.15)))
    )
    (fp_line (start -3 10.05) (end -3 -10.05) (layer F.SilkS) (width 0.12))
    (fp_line (start 75 10.05) (end -3 10.05) (layer F.SilkS) (width 0.12))
    (fp_line (start 75 -10.05) (end 75 10.05) (layer F.SilkS) (width 0.12))
    (fp_line (start -3 -10.05) (end 75 -10.05) (layer F.SilkS) (width 0.12))
    (fp_line (start -2.8 9.85) (end -2.8 -9.85) (layer F.Fab) (width 0.1))
    (fp_line (start 74.8 9.85) (end -2.8 9.85) (layer F.Fab) (width 0.1))
    (fp_line (start 74.8 -9.85) (end 74.8 9.85) (layer F.Fab) (width 0.1))
    (fp_line (start -2.8 -9.85) (end 74.8 -9.85) (layer F.Fab) (width 0.1))
    (fp_line (start -3.2 10.25) (end -3.2 -10.25) (layer F.CrtYd) (width 0.05))
    (fp_line (start 75.2 10.25) (end -3.2 10.25) (layer F.CrtYd) (width 0.05))
    (fp_line (start 75.2 -10.25) (end 75.2 10.25) (layer F.CrtYd) (width 0.05))
    (fp_line (start -3.2 -10.25) (end 75.2 -10.25) (layer F.CrtYd) (width 0.05))
    (fp_text user %R (at 36 -2.4) (layer F.Fab)
      (effects (font (size 1 1) (thickness 0.15)))
    )
    (pad 2 thru_hole circle (at 72 0) (size 3.5 3.5) (drill 2) (layers *.Cu *.Mask)
      (net 1 Bat-))
    (pad 1 thru_hole rect (at 0 0) (size 3.5 3.5) (drill 2) (layers *.Cu *.Mask)
      (net 2 "Net-(BT1-Pad1)"))
    (pad "" np_thru_hole circle (at 8.645 0) (size 3.2 3.2) (drill 3.2) (layers *.Cu *.Mask))
    (pad "" np_thru_hole circle (at 64.255 0) (size 3.2 3.2) (drill 3.2) (layers *.Cu *.Mask))
    (model ${KISYS3DMOD}/Battery.3dshapes/BatteryHolder_MPD_BH-18650-PC2.wrl
      (at (xyz 0 0 0))
      (scale (xyz 1 1 1))
      (rotate (xyz 0 0 0))
    )
  )

  (module Capacitor_SMD:C_0805_2012Metric (layer F.Cu) (tedit 5B36C52B) (tstamp 5CDE615C)
    (at 126.9515 104.14 180)
    (descr "Capacitor SMD 0805 (2012 Metric), square (rectangular) end terminal, IPC_7351 nominal, (Body size source: https://docs.google.com/spreadsheets/d/1BsfQQcO9C6DZCsRaXUlFlo91Tg2WpOkGARC1WS5S8t0/edit?usp=sharing), generated with kicad-footprint-generator")
    (tags capacitor)
    (path /5CDF9468)
    (attr smd)
    (fp_text reference C1 (at 0 -1.65) (layer F.SilkS)
      (effects (font (size 1 1) (thickness 0.15)))
    )
    (fp_text value 1u (at 0 1.65) (layer F.Fab)
      (effects (font (size 1 1) (thickness 0.15)))
    )
    (fp_text user %R (at 0 0) (layer F.Fab)
      (effects (font (size 0.5 0.5) (thickness 0.08)))
    )
    (fp_line (start 1.68 0.95) (end -1.68 0.95) (layer F.CrtYd) (width 0.05))
    (fp_line (start 1.68 -0.95) (end 1.68 0.95) (layer F.CrtYd) (width 0.05))
    (fp_line (start -1.68 -0.95) (end 1.68 -0.95) (layer F.CrtYd) (width 0.05))
    (fp_line (start -1.68 0.95) (end -1.68 -0.95) (layer F.CrtYd) (width 0.05))
    (fp_line (start -0.258578 0.71) (end 0.258578 0.71) (layer F.SilkS) (width 0.12))
    (fp_line (start -0.258578 -0.71) (end 0.258578 -0.71) (layer F.SilkS) (width 0.12))
    (fp_line (start 1 0.6) (end -1 0.6) (layer F.Fab) (width 0.1))
    (fp_line (start 1 -0.6) (end 1 0.6) (layer F.Fab) (width 0.1))
    (fp_line (start -1 -0.6) (end 1 -0.6) (layer F.Fab) (width 0.1))
    (fp_line (start -1 0.6) (end -1 -0.6) (layer F.Fab) (width 0.1))
    (pad 2 smd roundrect (at 0.9375 0 180) (size 0.975 1.4) (layers F.Cu F.Paste F.Mask) (roundrect_rratio 0.25)
      (net 3 GND))
    (pad 1 smd roundrect (at -0.9375 0 180) (size 0.975 1.4) (layers F.Cu F.Paste F.Mask) (roundrect_rratio 0.25)
      (net 4 "Net-(C1-Pad1)"))
    (model ${KISYS3DMOD}/Capacitor_SMD.3dshapes/C_0805_2012Metric.wrl
      (at (xyz 0 0 0))
      (scale (xyz 1 1 1))
      (rotate (xyz 0 0 0))
    )
  )

  (module Capacitor_SMD:C_0805_2012Metric (layer F.Cu) (tedit 5B36C52B) (tstamp 5CDE616D)
    (at 181.4345 102.235)
    (descr "Capacitor SMD 0805 (2012 Metric), square (rectangular) end terminal, IPC_7351 nominal, (Body size source: https://docs.google.com/spreadsheets/d/1BsfQQcO9C6DZCsRaXUlFlo91Tg2WpOkGARC1WS5S8t0/edit?usp=sharing), generated with kicad-footprint-generator")
    (tags capacitor)
    (path /5CDD6696)
    (attr smd)
    (fp_text reference C2 (at 0 -1.65) (layer F.SilkS)
      (effects (font (size 1 1) (thickness 0.15)))
    )
    (fp_text value 10u (at 0 1.65) (layer F.Fab)
      (effects (font (size 1 1) (thickness 0.15)))
    )
    (fp_line (start -1 0.6) (end -1 -0.6) (layer F.Fab) (width 0.1))
    (fp_line (start -1 -0.6) (end 1 -0.6) (layer F.Fab) (width 0.1))
    (fp_line (start 1 -0.6) (end 1 0.6) (layer F.Fab) (width 0.1))
    (fp_line (start 1 0.6) (end -1 0.6) (layer F.Fab) (width 0.1))
    (fp_line (start -0.258578 -0.71) (end 0.258578 -0.71) (layer F.SilkS) (width 0.12))
    (fp_line (start -0.258578 0.71) (end 0.258578 0.71) (layer F.SilkS) (width 0.12))
    (fp_line (start -1.68 0.95) (end -1.68 -0.95) (layer F.CrtYd) (width 0.05))
    (fp_line (start -1.68 -0.95) (end 1.68 -0.95) (layer F.CrtYd) (width 0.05))
    (fp_line (start 1.68 -0.95) (end 1.68 0.95) (layer F.CrtYd) (width 0.05))
    (fp_line (start 1.68 0.95) (end -1.68 0.95) (layer F.CrtYd) (width 0.05))
    (fp_text user %R (at 0 0) (layer F.Fab)
      (effects (font (size 0.5 0.5) (thickness 0.08)))
    )
    (pad 1 smd roundrect (at -0.9375 0) (size 0.975 1.4) (layers F.Cu F.Paste F.Mask) (roundrect_rratio 0.25)
      (net 5 "Net-(C2-Pad1)"))
    (pad 2 smd roundrect (at 0.9375 0) (size 0.975 1.4) (layers F.Cu F.Paste F.Mask) (roundrect_rratio 0.25)
      (net 3 GND))
    (model ${KISYS3DMOD}/Capacitor_SMD.3dshapes/C_0805_2012Metric.wrl
      (at (xyz 0 0 0))
      (scale (xyz 1 1 1))
      (rotate (xyz 0 0 0))
    )
  )

  (module Capacitor_SMD:C_0805_2012Metric (layer F.Cu) (tedit 5B36C52B) (tstamp 5CDE9FE7)
    (at 163.6395 101.4095 180)
    (descr "Capacitor SMD 0805 (2012 Metric), square (rectangular) end terminal, IPC_7351 nominal, (Body size source: https://docs.google.com/spreadsheets/d/1BsfQQcO9C6DZCsRaXUlFlo91Tg2WpOkGARC1WS5S8t0/edit?usp=sharing), generated with kicad-footprint-generator")
    (tags capacitor)
    (path /5CE31D22)
    (attr smd)
    (fp_text reference C3 (at 0 -1.65) (layer F.SilkS)
      (effects (font (size 1 1) (thickness 0.15)))
    )
    (fp_text value 1u (at 0 1.65) (layer F.Fab)
      (effects (font (size 1 1) (thickness 0.15)))
    )
    (fp_line (start -1 0.6) (end -1 -0.6) (layer F.Fab) (width 0.1))
    (fp_line (start -1 -0.6) (end 1 -0.6) (layer F.Fab) (width 0.1))
    (fp_line (start 1 -0.6) (end 1 0.6) (layer F.Fab) (width 0.1))
    (fp_line (start 1 0.6) (end -1 0.6) (layer F.Fab) (width 0.1))
    (fp_line (start -0.258578 -0.71) (end 0.258578 -0.71) (layer F.SilkS) (width 0.12))
    (fp_line (start -0.258578 0.71) (end 0.258578 0.71) (layer F.SilkS) (width 0.12))
    (fp_line (start -1.68 0.95) (end -1.68 -0.95) (layer F.CrtYd) (width 0.05))
    (fp_line (start -1.68 -0.95) (end 1.68 -0.95) (layer F.CrtYd) (width 0.05))
    (fp_line (start 1.68 -0.95) (end 1.68 0.95) (layer F.CrtYd) (width 0.05))
    (fp_line (start 1.68 0.95) (end -1.68 0.95) (layer F.CrtYd) (width 0.05))
    (fp_text user %R (at 0 0) (layer F.Fab)
      (effects (font (size 0.5 0.5) (thickness 0.08)))
    )
    (pad 1 smd roundrect (at -0.9375 0 180) (size 0.975 1.4) (layers F.Cu F.Paste F.Mask) (roundrect_rratio 0.25)
      (net 6 "Net-(C3-Pad1)"))
    (pad 2 smd roundrect (at 0.9375 0 180) (size 0.975 1.4) (layers F.Cu F.Paste F.Mask) (roundrect_rratio 0.25)
      (net 7 "Net-(C3-Pad2)"))
    (model ${KISYS3DMOD}/Capacitor_SMD.3dshapes/C_0805_2012Metric.wrl
      (at (xyz 0 0 0))
      (scale (xyz 1 1 1))
      (rotate (xyz 0 0 0))
    )
  )

  (module Capacitor_SMD:C_0805_2012Metric (layer F.Cu) (tedit 5B36C52B) (tstamp 5CDE618F)
    (at 165.0215 91.6305)
    (descr "Capacitor SMD 0805 (2012 Metric), square (rectangular) end terminal, IPC_7351 nominal, (Body size source: https://docs.google.com/spreadsheets/d/1BsfQQcO9C6DZCsRaXUlFlo91Tg2WpOkGARC1WS5S8t0/edit?usp=sharing), generated with kicad-footprint-generator")
    (tags capacitor)
    (path /5CDE0026)
    (attr smd)
    (fp_text reference C4 (at 0 -1.65) (layer F.SilkS)
      (effects (font (size 1 1) (thickness 0.15)))
    )
    (fp_text value 0.1u (at 0 1.65) (layer F.Fab)
      (effects (font (size 1 1) (thickness 0.15)))
    )
    (fp_text user %R (at 0 0) (layer F.Fab)
      (effects (font (size 0.5 0.5) (thickness 0.08)))
    )
    (fp_line (start 1.68 0.95) (end -1.68 0.95) (layer F.CrtYd) (width 0.05))
    (fp_line (start 1.68 -0.95) (end 1.68 0.95) (layer F.CrtYd) (width 0.05))
    (fp_line (start -1.68 -0.95) (end 1.68 -0.95) (layer F.CrtYd) (width 0.05))
    (fp_line (start -1.68 0.95) (end -1.68 -0.95) (layer F.CrtYd) (width 0.05))
    (fp_line (start -0.258578 0.71) (end 0.258578 0.71) (layer F.SilkS) (width 0.12))
    (fp_line (start -0.258578 -0.71) (end 0.258578 -0.71) (layer F.SilkS) (width 0.12))
    (fp_line (start 1 0.6) (end -1 0.6) (layer F.Fab) (width 0.1))
    (fp_line (start 1 -0.6) (end 1 0.6) (layer F.Fab) (width 0.1))
    (fp_line (start -1 -0.6) (end 1 -0.6) (layer F.Fab) (width 0.1))
    (fp_line (start -1 0.6) (end -1 -0.6) (layer F.Fab) (width 0.1))
    (pad 2 smd roundrect (at 0.9375 0) (size 0.975 1.4) (layers F.Cu F.Paste F.Mask) (roundrect_rratio 0.25)
      (net 1 Bat-))
    (pad 1 smd roundrect (at -0.9375 0) (size 0.975 1.4) (layers F.Cu F.Paste F.Mask) (roundrect_rratio 0.25)
      (net 8 "Net-(C4-Pad1)"))
    (model ${KISYS3DMOD}/Capacitor_SMD.3dshapes/C_0805_2012Metric.wrl
      (at (xyz 0 0 0))
      (scale (xyz 1 1 1))
      (rotate (xyz 0 0 0))
    )
  )

  (module Capacitor_SMD:CP_Elec_6.3x5.4_Nichicon (layer F.Cu) (tedit 5BCA39D0) (tstamp 5CDE61B7)
    (at 149.606 100.1395)
    (descr "SMD capacitor, aluminum electrolytic, Nichicon, 6.3x5.4mm")
    (tags "capacitor electrolytic")
    (path /5CE40931)
    (attr smd)
    (fp_text reference C5 (at 0 -4.35) (layer F.SilkS)
      (effects (font (size 1 1) (thickness 0.15)))
    )
    (fp_text value 100u (at 0 4.35) (layer F.Fab)
      (effects (font (size 1 1) (thickness 0.15)))
    )
    (fp_circle (center 0 0) (end 3.15 0) (layer F.Fab) (width 0.1))
    (fp_line (start 3.3 -3.3) (end 3.3 3.3) (layer F.Fab) (width 0.1))
    (fp_line (start -2.3 -3.3) (end 3.3 -3.3) (layer F.Fab) (width 0.1))
    (fp_line (start -2.3 3.3) (end 3.3 3.3) (layer F.Fab) (width 0.1))
    (fp_line (start -3.3 -2.3) (end -3.3 2.3) (layer F.Fab) (width 0.1))
    (fp_line (start -3.3 -2.3) (end -2.3 -3.3) (layer F.Fab) (width 0.1))
    (fp_line (start -3.3 2.3) (end -2.3 3.3) (layer F.Fab) (width 0.1))
    (fp_line (start -2.704838 -1.33) (end -2.074838 -1.33) (layer F.Fab) (width 0.1))
    (fp_line (start -2.389838 -1.645) (end -2.389838 -1.015) (layer F.Fab) (width 0.1))
    (fp_line (start 3.41 3.41) (end 3.41 1.06) (layer F.SilkS) (width 0.12))
    (fp_line (start 3.41 -3.41) (end 3.41 -1.06) (layer F.SilkS) (width 0.12))
    (fp_line (start -2.345563 -3.41) (end 3.41 -3.41) (layer F.SilkS) (width 0.12))
    (fp_line (start -2.345563 3.41) (end 3.41 3.41) (layer F.SilkS) (width 0.12))
    (fp_line (start -3.41 2.345563) (end -3.41 1.06) (layer F.SilkS) (width 0.12))
    (fp_line (start -3.41 -2.345563) (end -3.41 -1.06) (layer F.SilkS) (width 0.12))
    (fp_line (start -3.41 -2.345563) (end -2.345563 -3.41) (layer F.SilkS) (width 0.12))
    (fp_line (start -3.41 2.345563) (end -2.345563 3.41) (layer F.SilkS) (width 0.12))
    (fp_line (start -4.4375 -1.8475) (end -3.65 -1.8475) (layer F.SilkS) (width 0.12))
    (fp_line (start -4.04375 -2.24125) (end -4.04375 -1.45375) (layer F.SilkS) (width 0.12))
    (fp_line (start 3.55 -3.55) (end 3.55 -1.05) (layer F.CrtYd) (width 0.05))
    (fp_line (start 3.55 -1.05) (end 4.7 -1.05) (layer F.CrtYd) (width 0.05))
    (fp_line (start 4.7 -1.05) (end 4.7 1.05) (layer F.CrtYd) (width 0.05))
    (fp_line (start 4.7 1.05) (end 3.55 1.05) (layer F.CrtYd) (width 0.05))
    (fp_line (start 3.55 1.05) (end 3.55 3.55) (layer F.CrtYd) (width 0.05))
    (fp_line (start -2.4 3.55) (end 3.55 3.55) (layer F.CrtYd) (width 0.05))
    (fp_line (start -2.4 -3.55) (end 3.55 -3.55) (layer F.CrtYd) (width 0.05))
    (fp_line (start -3.55 2.4) (end -2.4 3.55) (layer F.CrtYd) (width 0.05))
    (fp_line (start -3.55 -2.4) (end -2.4 -3.55) (layer F.CrtYd) (width 0.05))
    (fp_line (start -3.55 -2.4) (end -3.55 -1.05) (layer F.CrtYd) (width 0.05))
    (fp_line (start -3.55 1.05) (end -3.55 2.4) (layer F.CrtYd) (width 0.05))
    (fp_line (start -3.55 -1.05) (end -4.7 -1.05) (layer F.CrtYd) (width 0.05))
    (fp_line (start -4.7 -1.05) (end -4.7 1.05) (layer F.CrtYd) (width 0.05))
    (fp_line (start -4.7 1.05) (end -3.55 1.05) (layer F.CrtYd) (width 0.05))
    (fp_text user %R (at 0 0) (layer F.Fab)
      (effects (font (size 1 1) (thickness 0.15)))
    )
    (pad 1 smd roundrect (at -2.7 0) (size 3.5 1.6) (layers F.Cu F.Paste F.Mask) (roundrect_rratio 0.15625)
      (net 2 "Net-(BT1-Pad1)"))
    (pad 2 smd roundrect (at 2.7 0) (size 3.5 1.6) (layers F.Cu F.Paste F.Mask) (roundrect_rratio 0.15625)
      (net 9 "Net-(C5-Pad2)"))
    (model ${KISYS3DMOD}/Capacitor_SMD.3dshapes/CP_Elec_6.3x5.4_Nichicon.wrl
      (at (xyz 0 0 0))
      (scale (xyz 1 1 1))
      (rotate (xyz 0 0 0))
    )
  )

  (module Capacitor_SMD:C_0805_2012Metric (layer F.Cu) (tedit 5B36C52B) (tstamp 5CDE61C8)
    (at 139.437 100.6935 270)
    (descr "Capacitor SMD 0805 (2012 Metric), square (rectangular) end terminal, IPC_7351 nominal, (Body size source: https://docs.google.com/spreadsheets/d/1BsfQQcO9C6DZCsRaXUlFlo91Tg2WpOkGARC1WS5S8t0/edit?usp=sharing), generated with kicad-footprint-generator")
    (tags capacitor)
    (path /5CDF84EE)
    (attr smd)
    (fp_text reference C6 (at 0 -1.65 90) (layer F.SilkS)
      (effects (font (size 1 1) (thickness 0.15)))
    )
    (fp_text value 22u (at 0 1.65 90) (layer F.Fab)
      (effects (font (size 1 1) (thickness 0.15)))
    )
    (fp_line (start -1 0.6) (end -1 -0.6) (layer F.Fab) (width 0.1))
    (fp_line (start -1 -0.6) (end 1 -0.6) (layer F.Fab) (width 0.1))
    (fp_line (start 1 -0.6) (end 1 0.6) (layer F.Fab) (width 0.1))
    (fp_line (start 1 0.6) (end -1 0.6) (layer F.Fab) (width 0.1))
    (fp_line (start -0.258578 -0.71) (end 0.258578 -0.71) (layer F.SilkS) (width 0.12))
    (fp_line (start -0.258578 0.71) (end 0.258578 0.71) (layer F.SilkS) (width 0.12))
    (fp_line (start -1.68 0.95) (end -1.68 -0.95) (layer F.CrtYd) (width 0.05))
    (fp_line (start -1.68 -0.95) (end 1.68 -0.95) (layer F.CrtYd) (width 0.05))
    (fp_line (start 1.68 -0.95) (end 1.68 0.95) (layer F.CrtYd) (width 0.05))
    (fp_line (start 1.68 0.95) (end -1.68 0.95) (layer F.CrtYd) (width 0.05))
    (fp_text user %R (at 0 0 90) (layer F.Fab)
      (effects (font (size 0.5 0.5) (thickness 0.08)))
    )
    (pad 1 smd roundrect (at -0.9375 0 270) (size 0.975 1.4) (layers F.Cu F.Paste F.Mask) (roundrect_rratio 0.25)
      (net 4 "Net-(C1-Pad1)"))
    (pad 2 smd roundrect (at 0.9375 0 270) (size 0.975 1.4) (layers F.Cu F.Paste F.Mask) (roundrect_rratio 0.25)
      (net 3 GND))
    (model ${KISYS3DMOD}/Capacitor_SMD.3dshapes/C_0805_2012Metric.wrl
      (at (xyz 0 0 0))
      (scale (xyz 1 1 1))
      (rotate (xyz 0 0 0))
    )
  )

  (module Capacitor_SMD:C_0805_2012Metric (layer F.Cu) (tedit 5B36C52B) (tstamp 5CDE61D9)
    (at 122.428 92.3925 270)
    (descr "Capacitor SMD 0805 (2012 Metric), square (rectangular) end terminal, IPC_7351 nominal, (Body size source: https://docs.google.com/spreadsheets/d/1BsfQQcO9C6DZCsRaXUlFlo91Tg2WpOkGARC1WS5S8t0/edit?usp=sharing), generated with kicad-footprint-generator")
    (tags capacitor)
    (path /5CE5CBA2)
    (attr smd)
    (fp_text reference C7 (at 0 -1.65 90) (layer F.SilkS)
      (effects (font (size 1 1) (thickness 0.15)))
    )
    (fp_text value 10u (at 0 1.65 90) (layer F.Fab)
      (effects (font (size 1 1) (thickness 0.15)))
    )
    (fp_text user %R (at 0 0 90) (layer F.Fab)
      (effects (font (size 0.5 0.5) (thickness 0.08)))
    )
    (fp_line (start 1.68 0.95) (end -1.68 0.95) (layer F.CrtYd) (width 0.05))
    (fp_line (start 1.68 -0.95) (end 1.68 0.95) (layer F.CrtYd) (width 0.05))
    (fp_line (start -1.68 -0.95) (end 1.68 -0.95) (layer F.CrtYd) (width 0.05))
    (fp_line (start -1.68 0.95) (end -1.68 -0.95) (layer F.CrtYd) (width 0.05))
    (fp_line (start -0.258578 0.71) (end 0.258578 0.71) (layer F.SilkS) (width 0.12))
    (fp_line (start -0.258578 -0.71) (end 0.258578 -0.71) (layer F.SilkS) (width 0.12))
    (fp_line (start 1 0.6) (end -1 0.6) (layer F.Fab) (width 0.1))
    (fp_line (start 1 -0.6) (end 1 0.6) (layer F.Fab) (width 0.1))
    (fp_line (start -1 -0.6) (end 1 -0.6) (layer F.Fab) (width 0.1))
    (fp_line (start -1 0.6) (end -1 -0.6) (layer F.Fab) (width 0.1))
    (pad 2 smd roundrect (at 0.9375 0 270) (size 0.975 1.4) (layers F.Cu F.Paste F.Mask) (roundrect_rratio 0.25)
      (net 3 GND))
    (pad 1 smd roundrect (at -0.9375 0 270) (size 0.975 1.4) (layers F.Cu F.Paste F.Mask) (roundrect_rratio 0.25)
      (net 2 "Net-(BT1-Pad1)"))
    (model ${KISYS3DMOD}/Capacitor_SMD.3dshapes/C_0805_2012Metric.wrl
      (at (xyz 0 0 0))
      (scale (xyz 1 1 1))
      (rotate (xyz 0 0 0))
    )
  )

  (module Capacitor_SMD:C_0805_2012Metric (layer F.Cu) (tedit 5B36C52B) (tstamp 5CDE61EA)
    (at 124.5235 107.427 270)
    (descr "Capacitor SMD 0805 (2012 Metric), square (rectangular) end terminal, IPC_7351 nominal, (Body size source: https://docs.google.com/spreadsheets/d/1BsfQQcO9C6DZCsRaXUlFlo91Tg2WpOkGARC1WS5S8t0/edit?usp=sharing), generated with kicad-footprint-generator")
    (tags capacitor)
    (path /5CE41B4E)
    (attr smd)
    (fp_text reference C8 (at 0 -1.65 90) (layer F.SilkS)
      (effects (font (size 1 1) (thickness 0.15)))
    )
    (fp_text value 22u (at 0 1.65 90) (layer F.Fab)
      (effects (font (size 1 1) (thickness 0.15)))
    )
    (fp_line (start -1 0.6) (end -1 -0.6) (layer F.Fab) (width 0.1))
    (fp_line (start -1 -0.6) (end 1 -0.6) (layer F.Fab) (width 0.1))
    (fp_line (start 1 -0.6) (end 1 0.6) (layer F.Fab) (width 0.1))
    (fp_line (start 1 0.6) (end -1 0.6) (layer F.Fab) (width 0.1))
    (fp_line (start -0.258578 -0.71) (end 0.258578 -0.71) (layer F.SilkS) (width 0.12))
    (fp_line (start -0.258578 0.71) (end 0.258578 0.71) (layer F.SilkS) (width 0.12))
    (fp_line (start -1.68 0.95) (end -1.68 -0.95) (layer F.CrtYd) (width 0.05))
    (fp_line (start -1.68 -0.95) (end 1.68 -0.95) (layer F.CrtYd) (width 0.05))
    (fp_line (start 1.68 -0.95) (end 1.68 0.95) (layer F.CrtYd) (width 0.05))
    (fp_line (start 1.68 0.95) (end -1.68 0.95) (layer F.CrtYd) (width 0.05))
    (fp_text user %R (at 0 0 90) (layer F.Fab)
      (effects (font (size 0.5 0.5) (thickness 0.08)))
    )
    (pad 1 smd roundrect (at -0.9375 0 270) (size 0.975 1.4) (layers F.Cu F.Paste F.Mask) (roundrect_rratio 0.25)
      (net 10 "Net-(C8-Pad1)"))
    (pad 2 smd roundrect (at 0.9375 0 270) (size 0.975 1.4) (layers F.Cu F.Paste F.Mask) (roundrect_rratio 0.25)
      (net 3 GND))
    (model ${KISYS3DMOD}/Capacitor_SMD.3dshapes/C_0805_2012Metric.wrl
      (at (xyz 0 0 0))
      (scale (xyz 1 1 1))
      (rotate (xyz 0 0 0))
    )
  )

  (module Capacitor_SMD:C_0805_2012Metric (layer F.Cu) (tedit 5B36C52B) (tstamp 5CDE61FB)
    (at 128.905 95.0595)
    (descr "Capacitor SMD 0805 (2012 Metric), square (rectangular) end terminal, IPC_7351 nominal, (Body size source: https://docs.google.com/spreadsheets/d/1BsfQQcO9C6DZCsRaXUlFlo91Tg2WpOkGARC1WS5S8t0/edit?usp=sharing), generated with kicad-footprint-generator")
    (tags capacitor)
    (path /5CE41FBC)
    (attr smd)
    (fp_text reference C9 (at 0 -1.65) (layer F.SilkS)
      (effects (font (size 1 1) (thickness 0.15)))
    )
    (fp_text value 22u (at 0 1.65) (layer F.Fab)
      (effects (font (size 1 1) (thickness 0.15)))
    )
    (fp_text user %R (at 0 0) (layer F.Fab)
      (effects (font (size 0.5 0.5) (thickness 0.08)))
    )
    (fp_line (start 1.68 0.95) (end -1.68 0.95) (layer F.CrtYd) (width 0.05))
    (fp_line (start 1.68 -0.95) (end 1.68 0.95) (layer F.CrtYd) (width 0.05))
    (fp_line (start -1.68 -0.95) (end 1.68 -0.95) (layer F.CrtYd) (width 0.05))
    (fp_line (start -1.68 0.95) (end -1.68 -0.95) (layer F.CrtYd) (width 0.05))
    (fp_line (start -0.258578 0.71) (end 0.258578 0.71) (layer F.SilkS) (width 0.12))
    (fp_line (start -0.258578 -0.71) (end 0.258578 -0.71) (layer F.SilkS) (width 0.12))
    (fp_line (start 1 0.6) (end -1 0.6) (layer F.Fab) (width 0.1))
    (fp_line (start 1 -0.6) (end 1 0.6) (layer F.Fab) (width 0.1))
    (fp_line (start -1 -0.6) (end 1 -0.6) (layer F.Fab) (width 0.1))
    (fp_line (start -1 0.6) (end -1 -0.6) (layer F.Fab) (width 0.1))
    (pad 2 smd roundrect (at 0.9375 0) (size 0.975 1.4) (layers F.Cu F.Paste F.Mask) (roundrect_rratio 0.25)
      (net 3 GND))
    (pad 1 smd roundrect (at -0.9375 0) (size 0.975 1.4) (layers F.Cu F.Paste F.Mask) (roundrect_rratio 0.25)
      (net 10 "Net-(C8-Pad1)"))
    (model ${KISYS3DMOD}/Capacitor_SMD.3dshapes/C_0805_2012Metric.wrl
      (at (xyz 0 0 0))
      (scale (xyz 1 1 1))
      (rotate (xyz 0 0 0))
    )
  )

  (module Diode_SMD:D_SMC (layer F.Cu) (tedit 5864295D) (tstamp 5CDEB2E9)
    (at 183.9305 97.5995)
    (descr "Diode SMC (DO-214AB)")
    (tags "Diode SMC (DO-214AB)")
    (path /5CDD4AE5)
    (attr smd)
    (fp_text reference D1 (at 0 -4.1) (layer F.SilkS)
      (effects (font (size 1 1) (thickness 0.15)))
    )
    (fp_text value D_Schottky (at 0 4.2) (layer F.Fab)
      (effects (font (size 1 1) (thickness 0.15)))
    )
    (fp_text user %R (at 0 -1.9) (layer F.Fab)
      (effects (font (size 1 1) (thickness 0.15)))
    )
    (fp_line (start -4.8 3.25) (end -4.8 -3.25) (layer F.SilkS) (width 0.12))
    (fp_line (start 3.55 3.1) (end -3.55 3.1) (layer F.Fab) (width 0.1))
    (fp_line (start -3.55 3.1) (end -3.55 -3.1) (layer F.Fab) (width 0.1))
    (fp_line (start 3.55 -3.1) (end 3.55 3.1) (layer F.Fab) (width 0.1))
    (fp_line (start 3.55 -3.1) (end -3.55 -3.1) (layer F.Fab) (width 0.1))
    (fp_line (start -4.9 -3.35) (end 4.9 -3.35) (layer F.CrtYd) (width 0.05))
    (fp_line (start 4.9 -3.35) (end 4.9 3.35) (layer F.CrtYd) (width 0.05))
    (fp_line (start 4.9 3.35) (end -4.9 3.35) (layer F.CrtYd) (width 0.05))
    (fp_line (start -4.9 3.35) (end -4.9 -3.35) (layer F.CrtYd) (width 0.05))
    (fp_line (start -0.64944 0.00102) (end -1.55114 0.00102) (layer F.Fab) (width 0.1))
    (fp_line (start 0.50118 0.00102) (end 1.4994 0.00102) (layer F.Fab) (width 0.1))
    (fp_line (start -0.64944 -0.79908) (end -0.64944 0.80112) (layer F.Fab) (width 0.1))
    (fp_line (start 0.50118 0.75032) (end 0.50118 -0.79908) (layer F.Fab) (width 0.1))
    (fp_line (start -0.64944 0.00102) (end 0.50118 0.75032) (layer F.Fab) (width 0.1))
    (fp_line (start -0.64944 0.00102) (end 0.50118 -0.79908) (layer F.Fab) (width 0.1))
    (fp_line (start -4.8 3.25) (end 3.6 3.25) (layer F.SilkS) (width 0.12))
    (fp_line (start -4.8 -3.25) (end 3.6 -3.25) (layer F.SilkS) (width 0.12))
    (pad 1 smd rect (at -3.4 0 90) (size 3.3 2.5) (layers F.Cu F.Paste F.Mask)
      (net 5 "Net-(C2-Pad1)"))
    (pad 2 smd rect (at 3.4 0 90) (size 3.3 2.5) (layers F.Cu F.Paste F.Mask)
      (net 11 "Net-(D1-Pad2)"))
    (model ${KISYS3DMOD}/Diode_SMD.3dshapes/D_SMC.wrl
      (at (xyz 0 0 0))
      (scale (xyz 1 1 1))
      (rotate (xyz 0 0 0))
    )
  )

  (module Diode_SMD:D_SOD-323F (layer F.Cu) (tedit 590A48EB) (tstamp 5CDE622B)
    (at 155.067 108.204 180)
    (descr "SOD-323F http://www.nxp.com/documents/outline_drawing/SOD323F.pdf")
    (tags SOD-323F)
    (path /5CE5DBCD)
    (attr smd)
    (fp_text reference D2 (at 0 -1.85) (layer F.SilkS)
      (effects (font (size 1 1) (thickness 0.15)))
    )
    (fp_text value D (at 0.1 1.9) (layer F.Fab)
      (effects (font (size 1 1) (thickness 0.15)))
    )
    (fp_text user %R (at 0 -1.85) (layer F.Fab)
      (effects (font (size 1 1) (thickness 0.15)))
    )
    (fp_line (start -1.5 -0.85) (end -1.5 0.85) (layer F.SilkS) (width 0.12))
    (fp_line (start 0.2 0) (end 0.45 0) (layer F.Fab) (width 0.1))
    (fp_line (start 0.2 0.35) (end -0.3 0) (layer F.Fab) (width 0.1))
    (fp_line (start 0.2 -0.35) (end 0.2 0.35) (layer F.Fab) (width 0.1))
    (fp_line (start -0.3 0) (end 0.2 -0.35) (layer F.Fab) (width 0.1))
    (fp_line (start -0.3 0) (end -0.5 0) (layer F.Fab) (width 0.1))
    (fp_line (start -0.3 -0.35) (end -0.3 0.35) (layer F.Fab) (width 0.1))
    (fp_line (start -0.9 0.7) (end -0.9 -0.7) (layer F.Fab) (width 0.1))
    (fp_line (start 0.9 0.7) (end -0.9 0.7) (layer F.Fab) (width 0.1))
    (fp_line (start 0.9 -0.7) (end 0.9 0.7) (layer F.Fab) (width 0.1))
    (fp_line (start -0.9 -0.7) (end 0.9 -0.7) (layer F.Fab) (width 0.1))
    (fp_line (start -1.6 -0.95) (end 1.6 -0.95) (layer F.CrtYd) (width 0.05))
    (fp_line (start 1.6 -0.95) (end 1.6 0.95) (layer F.CrtYd) (width 0.05))
    (fp_line (start -1.6 0.95) (end 1.6 0.95) (layer F.CrtYd) (width 0.05))
    (fp_line (start -1.6 -0.95) (end -1.6 0.95) (layer F.CrtYd) (width 0.05))
    (fp_line (start -1.5 0.85) (end 1.05 0.85) (layer F.SilkS) (width 0.12))
    (fp_line (start -1.5 -0.85) (end 1.05 -0.85) (layer F.SilkS) (width 0.12))
    (pad 1 smd rect (at -1.1 0 180) (size 0.5 0.5) (layers F.Cu F.Paste F.Mask)
      (net 7 "Net-(C3-Pad2)"))
    (pad 2 smd rect (at 1.1 0 180) (size 0.5 0.5) (layers F.Cu F.Paste F.Mask)
      (net 2 "Net-(BT1-Pad1)"))
    (model ${KISYS3DMOD}/Diode_SMD.3dshapes/D_SOD-323F.wrl
      (at (xyz 0 0 0))
      (scale (xyz 1 1 1))
      (rotate (xyz 0 0 0))
    )
  )

  (module Diode_SMD:D_SMC (layer F.Cu) (tedit 5864295D) (tstamp 5CDE6243)
    (at 174.6595 105.7275)
    (descr "Diode SMC (DO-214AB)")
    (tags "Diode SMC (DO-214AB)")
    (path /5CD81AB1)
    (attr smd)
    (fp_text reference D3 (at 0 -4.1) (layer F.SilkS)
      (effects (font (size 1 1) (thickness 0.15)))
    )
    (fp_text value D_Schottky (at 0 4.2) (layer F.Fab)
      (effects (font (size 1 1) (thickness 0.15)))
    )
    (fp_line (start -4.8 -3.25) (end 3.6 -3.25) (layer F.SilkS) (width 0.12))
    (fp_line (start -4.8 3.25) (end 3.6 3.25) (layer F.SilkS) (width 0.12))
    (fp_line (start -0.64944 0.00102) (end 0.50118 -0.79908) (layer F.Fab) (width 0.1))
    (fp_line (start -0.64944 0.00102) (end 0.50118 0.75032) (layer F.Fab) (width 0.1))
    (fp_line (start 0.50118 0.75032) (end 0.50118 -0.79908) (layer F.Fab) (width 0.1))
    (fp_line (start -0.64944 -0.79908) (end -0.64944 0.80112) (layer F.Fab) (width 0.1))
    (fp_line (start 0.50118 0.00102) (end 1.4994 0.00102) (layer F.Fab) (width 0.1))
    (fp_line (start -0.64944 0.00102) (end -1.55114 0.00102) (layer F.Fab) (width 0.1))
    (fp_line (start -4.9 3.35) (end -4.9 -3.35) (layer F.CrtYd) (width 0.05))
    (fp_line (start 4.9 3.35) (end -4.9 3.35) (layer F.CrtYd) (width 0.05))
    (fp_line (start 4.9 -3.35) (end 4.9 3.35) (layer F.CrtYd) (width 0.05))
    (fp_line (start -4.9 -3.35) (end 4.9 -3.35) (layer F.CrtYd) (width 0.05))
    (fp_line (start 3.55 -3.1) (end -3.55 -3.1) (layer F.Fab) (width 0.1))
    (fp_line (start 3.55 -3.1) (end 3.55 3.1) (layer F.Fab) (width 0.1))
    (fp_line (start -3.55 3.1) (end -3.55 -3.1) (layer F.Fab) (width 0.1))
    (fp_line (start 3.55 3.1) (end -3.55 3.1) (layer F.Fab) (width 0.1))
    (fp_line (start -4.8 3.25) (end -4.8 -3.25) (layer F.SilkS) (width 0.12))
    (fp_text user %R (at 0 -1.9) (layer F.Fab)
      (effects (font (size 1 1) (thickness 0.15)))
    )
    (pad 2 smd rect (at 3.4 0 90) (size 3.3 2.5) (layers F.Cu F.Paste F.Mask)
      (net 3 GND))
    (pad 1 smd rect (at -3.4 0 90) (size 3.3 2.5) (layers F.Cu F.Paste F.Mask)
      (net 6 "Net-(C3-Pad1)"))
    (model ${KISYS3DMOD}/Diode_SMD.3dshapes/D_SMC.wrl
      (at (xyz 0 0 0))
      (scale (xyz 1 1 1))
      (rotate (xyz 0 0 0))
    )
  )

  (module Connector_USB:USB_A_CNCTech_1001-011-01101_Horizontal (layer F.Cu) (tedit 5AFEF547) (tstamp 5CDE6287)
    (at 107.5055 97.917 180)
    (descr http://cnctech.us/pdfs/1001-011-01101.pdf)
    (tags USB-A)
    (path /5CD43A60)
    (attr smd)
    (fp_text reference J3 (at -6.9 -8) (layer F.SilkS)
      (effects (font (size 1 1) (thickness 0.15)))
    )
    (fp_text value USB_A (at 0 8 180) (layer F.Fab)
      (effects (font (size 1 1) (thickness 0.15)))
    )
    (fp_line (start -7.9 6.025) (end -7.9 -6.025) (layer F.Fab) (width 0.1))
    (fp_line (start -7.9 -6.025) (end 10.9 -6.025) (layer F.Fab) (width 0.1))
    (fp_line (start -7.9 6.025) (end 10.9 6.025) (layer F.Fab) (width 0.1))
    (fp_line (start 10.9 6.025) (end 10.9 -6.025) (layer F.Fab) (width 0.1))
    (fp_line (start -10.4 3.75) (end -10.4 3.25) (layer F.Fab) (width 0.1))
    (fp_line (start -10.4 3.25) (end -7.9 3.25) (layer F.Fab) (width 0.1))
    (fp_line (start -10.4 3.75) (end -7.9 3.75) (layer F.Fab) (width 0.1))
    (fp_line (start -10.4 0.75) (end -7.9 0.75) (layer F.Fab) (width 0.1))
    (fp_line (start -10.4 1.25) (end -10.4 0.75) (layer F.Fab) (width 0.1))
    (fp_line (start -10.4 1.25) (end -7.9 1.25) (layer F.Fab) (width 0.1))
    (fp_line (start -10.4 -0.75) (end -10.4 -1.25) (layer F.Fab) (width 0.1))
    (fp_line (start -10.4 -0.75) (end -7.9 -0.75) (layer F.Fab) (width 0.1))
    (fp_line (start -10.4 -1.25) (end -7.9 -1.25) (layer F.Fab) (width 0.1))
    (fp_line (start -10.4 -3.75) (end -7.9 -3.75) (layer F.Fab) (width 0.1))
    (fp_line (start -10.4 -3.25) (end -10.4 -3.75) (layer F.Fab) (width 0.1))
    (fp_line (start -10.4 -3.25) (end -7.9 -3.25) (layer F.Fab) (width 0.1))
    (fp_circle (center -6.9 -2.3) (end -6.9 -2.8) (layer F.Fab) (width 0.1))
    (fp_circle (center -6.9 2.3) (end -6.9 2.8) (layer F.Fab) (width 0.1))
    (fp_line (start -8.02 -4.4) (end -8.02 4.4) (layer F.SilkS) (width 0.12))
    (fp_line (start -3.8 6.025) (end -3.8 -6.025) (layer Dwgs.User) (width 0.1))
    (fp_text user "PCB Edge" (at -4.55 -0.05 90) (layer Dwgs.User)
      (effects (font (size 0.6 0.6) (thickness 0.09)))
    )
    (fp_line (start -4.85 -6.145) (end -3.8 -6.145) (layer F.SilkS) (width 0.12))
    (fp_line (start -4.85 6.145) (end -3.8 6.145) (layer F.SilkS) (width 0.12))
    (fp_line (start -11.4 4.55) (end -11.4 -4.55) (layer F.CrtYd) (width 0.05))
    (fp_line (start -11.4 -4.55) (end -9.15 -4.55) (layer F.CrtYd) (width 0.05))
    (fp_line (start -9.15 -7.15) (end -9.15 -4.55) (layer F.CrtYd) (width 0.05))
    (fp_line (start -9.15 -7.15) (end -4.65 -7.15) (layer F.CrtYd) (width 0.05))
    (fp_line (start -4.65 -6.52) (end -4.65 -7.15) (layer F.CrtYd) (width 0.05))
    (fp_line (start -4.65 -6.52) (end 11.4 -6.52) (layer F.CrtYd) (width 0.05))
    (fp_line (start 11.4 6.52) (end 11.4 -6.52) (layer F.CrtYd) (width 0.05))
    (fp_text user %R (at -6 0 90) (layer F.Fab)
      (effects (font (size 1 1) (thickness 0.15)))
    )
    (fp_line (start -4.65 6.52) (end 11.4 6.52) (layer F.CrtYd) (width 0.05))
    (fp_line (start -4.65 7.15) (end -4.65 6.52) (layer F.CrtYd) (width 0.05))
    (fp_line (start -9.15 7.15) (end -4.65 7.15) (layer F.CrtYd) (width 0.05))
    (fp_line (start -9.15 4.55) (end -9.15 7.15) (layer F.CrtYd) (width 0.05))
    (fp_line (start -11.4 4.55) (end -9.15 4.55) (layer F.CrtYd) (width 0.05))
    (pad 2 smd rect (at -9.65 -1 180) (size 2.5 1.1) (layers F.Cu F.Paste F.Mask)
      (net 12 "Net-(J3-Pad2)"))
    (pad 3 smd rect (at -9.65 1 180) (size 2.5 1.1) (layers F.Cu F.Paste F.Mask)
      (net 13 "Net-(J3-Pad3)"))
    (pad 1 smd rect (at -9.65 -3.5 180) (size 2.5 1.1) (layers F.Cu F.Paste F.Mask)
      (net 3 GND))
    (pad 4 smd rect (at -9.65 3.5 180) (size 2.5 1.1) (layers F.Cu F.Paste F.Mask)
      (net 10 "Net-(C8-Pad1)"))
    (pad 5 thru_hole oval (at -6.9 -5.7 180) (size 3.5 1.9) (drill oval 2.5 0.9) (layers *.Cu *.Mask)
      (net 14 "Net-(J3-Pad5)"))
    (pad 5 thru_hole oval (at -6.9 5.7 180) (size 3.5 1.9) (drill oval 2.5 0.9) (layers *.Cu *.Mask)
      (net 14 "Net-(J3-Pad5)"))
    (pad "" np_thru_hole circle (at -6.9 -2.3 180) (size 1.1 1.1) (drill 1.1) (layers *.Cu *.Mask))
    (pad "" np_thru_hole circle (at -6.9 2.3 180) (size 1.1 1.1) (drill 1.1) (layers *.Cu *.Mask))
    (model ${KISYS3DMOD}/Connector_USB.3dshapes/USB_A_CNCTech_1001-011-01101_Horizontal.wrl
      (at (xyz 0 0 0))
      (scale (xyz 1 1 1))
      (rotate (xyz 0 0 0))
    )
  )

